[app/ui]
version = 7.0.2
modtime = 1528975974.567403000

[app/launcher]
version = 7.0.2
modtime = 1528975974.574097000

[views/geo_lookup_exmaple]
owner = admin
version = 7.0.2
modtime = 1528978801.889861000
